 1.0000E-01
 1.1220E-01
 1.2589E-01
 1.4125E-01
 1.5849E-01
 1.7783E-01
 1.9953E-01
 2.2387E-01
 2.5119E-01
 2.8184E-01
 3.1623E-01
 3.5481E-01
 3.9811E-01
 4.4668E-01
 5.0119E-01
 5.6234E-01
 6.3096E-01
 7.0795E-01
 7.9433E-01
 8.9125E-01
 1.0000E+00
 1.1220E+00
 1.2589E+00
 1.4125E+00
 1.5849E+00
 1.7783E+00
 1.9953E+00
 2.2387E+00
 2.5119E+00
 2.8184E+00
 3.1623E+00
 3.5481E+00
 3.9811E+00
 4.4668E+00
 5.0119E+00
 5.6234E+00
 6.3096E+00
 7.0795E+00
 7.9433E+00
 8.9125E+00
 1.0000E+01
 1.1220E+01
 1.2589E+01
 1.4125E+01
 1.5849E+01
 1.7783E+01
 1.9953E+01
 2.2387E+01
 2.5119E+01
 2.8184E+01
 3.1623E+01
 3.5481E+01
 3.9811E+01
 4.4668E+01
 5.0119E+01
 5.6234E+01
 6.3096E+01
 7.0795E+01
 7.9433E+01
 8.9125E+01
 1.0000E+02
 1.1220E+02
 1.2589E+02
 1.4125E+02
 1.5849E+02
 1.7783E+02
 1.9953E+02
 2.2387E+02
 2.5119E+02
 2.8184E+02
 3.1623E+02
 3.5481E+02
 3.9811E+02
 4.4668E+02
 5.0119E+02
 5.6234E+02
 6.3096E+02
 7.0795E+02
 7.9433E+02
 8.9125E+02
 1.0000E+03
 1.1220E+03
 1.2589E+03
 1.4125E+03
 1.5849E+03
 1.7783E+03
 1.9953E+03
 2.2387E+03
 2.5119E+03
 2.8184E+03
 3.1623E+03
 3.5481E+03
 3.9811E+03
 4.4668E+03
 5.0119E+03
 5.6234E+03
 6.3096E+03
 7.0795E+03
 7.9433E+03
 8.9125E+03
 1.0000E+04
